1.944115e+00 1.922511e+00 0.000000e+00 0.000000e+00 3.778720e-03 0.000000e+00 -2.356122e-01 -6.024956e-01 0.000000e+00
1.698717e-01 5.480490e-01 0.000000e+00 3.778720e-03 0.000000e+00 0.000000e+00 2.356122e-01 6.024956e-01 0.000000e+00
1.944118e+00 1.922620e+00 0.000000e+00 2.266685e-04 3.771915e-03 0.000000e+00 -2.357770e-01 -6.025657e-01 0.000000e+00
1.699807e-01 5.480457e-01 0.000000e+00 3.771915e-03 -2.266685e-04 0.000000e+00 2.357770e-01 6.025657e-01 0.000000e+00
1.944128e+00 1.922729e+00 0.000000e+00 4.525206e-04 3.751526e-03 0.000000e+00 -2.359439e-01 -6.026517e-01 0.000000e+00
1.700893e-01 5.480359e-01 0.000000e+00 3.751526e-03 -4.525206e-04 0.000000e+00 2.359439e-01 6.026517e-01 0.000000e+00
1.944144e+00 1.922836e+00 0.000000e+00 6.767430e-04 3.717626e-03 0.000000e+00 -2.361124e-01 -6.027533e-01 0.000000e+00
1.701971e-01 5.480196e-01 0.000000e+00 3.717626e-03 -6.767430e-04 0.000000e+00 2.361124e-01 6.027533e-01 0.000000e+00
1.944167e+00 1.922943e+00 0.000000e+00 8.985281e-04 3.670337e-03 0.000000e+00 -2.362819e-01 -6.028701e-01 0.000000e+00
1.703038e-01 5.479969e-01 0.000000e+00 3.670337e-03 -8.985281e-04 0.000000e+00 2.362819e-01 6.028701e-01 0.000000e+00
1.944196e+00 1.923048e+00 0.000000e+00 1.117077e-03 3.609829e-03 0.000000e+00 -2.364518e-01 -6.030019e-01 0.000000e+00
1.704089e-01 5.479678e-01 0.000000e+00 3.609829e-03 -1.117077e-03 0.000000e+00 2.364518e-01 6.030019e-01 0.000000e+00
1.944232e+00 1.923151e+00 0.000000e+00 1.331603e-03 3.536320e-03 0.000000e+00 -2.366215e-01 -6.031481e-01 0.000000e+00
1.705121e-01 5.479324e-01 0.000000e+00 3.536320e-03 -1.331603e-03 0.000000e+00 2.366215e-01 6.031481e-01 0.000000e+00
1.944273e+00 1.923252e+00 0.000000e+00 1.541333e-03 3.450075e-03 0.000000e+00 -2.367903e-01 -6.033081e-01 0.000000e+00
1.706130e-01 5.478909e-01 0.000000e+00 3.450075e-03 -1.541333e-03 0.000000e+00 2.367903e-01 6.033081e-01 0.000000e+00
1.944321e+00 1.923350e+00 0.000000e+00 1.745512e-03 3.351404e-03 0.000000e+00 -2.369577e-01 -6.034816e-01 0.000000e+00
1.707112e-01 5.478435e-01 0.000000e+00 3.351404e-03 -1.745512e-03 0.000000e+00 2.369577e-01 6.034816e-01 0.000000e+00
1.944374e+00 1.923446e+00 0.000000e+00 1.943405e-03 3.240664e-03 0.000000e+00 -2.371231e-01 -6.036678e-01 0.000000e+00
1.708063e-01 5.477902e-01 0.000000e+00 3.240664e-03 -1.943405e-03 0.000000e+00 2.371231e-01 6.036678e-01 0.000000e+00
1.944433e+00 1.923537e+00 0.000000e+00 2.134298e-03 3.118252e-03 0.000000e+00 -2.372860e-01 -6.038661e-01 0.000000e+00
1.708982e-01 5.477313e-01 0.000000e+00 3.118252e-03 -2.134298e-03 0.000000e+00 2.372860e-01 6.038661e-01 0.000000e+00
1.944497e+00 1.923626e+00 0.000000e+00 2.317505e-03 2.984610e-03 0.000000e+00 -2.374456e-01 -6.040759e-01 0.000000e+00
1.709863e-01 5.476671e-01 0.000000e+00 2.984610e-03 -2.317505e-03 0.000000e+00 2.374456e-01 6.040759e-01 0.000000e+00
1.944566e+00 1.923710e+00 0.000000e+00 2.492365e-03 2.840218e-03 0.000000e+00 -2.376015e-01 -6.042963e-01 0.000000e+00
1.710704e-01 5.475976e-01 0.000000e+00 2.840218e-03 -2.492365e-03 0.000000e+00 2.376015e-01 6.042963e-01 0.000000e+00
1.944641e+00 1.923789e+00 0.000000e+00 2.658249e-03 2.685598e-03 0.000000e+00 -2.377530e-01 -6.045267e-01 0.000000e+00
1.711502e-01 5.475232e-01 0.000000e+00 2.685598e-03 -2.658249e-03 0.000000e+00 2.377530e-01 6.045267e-01 0.000000e+00
1.944720e+00 1.923865e+00 0.000000e+00 2.814559e-03 2.521306e-03 0.000000e+00 -2.378997e-01 -6.047662e-01 0.000000e+00
1.712253e-01 5.474442e-01 0.000000e+00 2.521306e-03 -2.814559e-03 0.000000e+00 2.378997e-01 6.047662e-01 0.000000e+00
1.944803e+00 1.923935e+00 0.000000e+00 2.960732e-03 2.347933e-03 0.000000e+00 -2.380409e-01 -6.050140e-01 0.000000e+00
1.712956e-01 5.473608e-01 0.000000e+00 2.347933e-03 -2.960732e-03 0.000000e+00 2.380409e-01 6.050140e-01 0.000000e+00
1.944891e+00 1.924000e+00 0.000000e+00 3.096243e-03 2.166103e-03 0.000000e+00 -2.381763e-01 -6.052691e-01 0.000000e+00
1.713608e-01 5.472734e-01 0.000000e+00 2.166103e-03 -3.096243e-03 0.000000e+00 2.381763e-01 6.052691e-01 0.000000e+00
1.944982e+00 1.924060e+00 0.000000e+00 3.220602e-03 1.976473e-03 0.000000e+00 -2.383052e-01 -6.055308e-01 0.000000e+00
1.714206e-01 5.471822e-01 0.000000e+00 1.976473e-03 -3.220602e-03 0.000000e+00 2.383052e-01 6.055308e-01 0.000000e+00
1.945076e+00 1.924114e+00 0.000000e+00 3.333362e-03 1.779724e-03 0.000000e+00 -2.384272e-01 -6.057981e-01 0.000000e+00
1.714748e-01 5.470876e-01 0.000000e+00 1.779724e-03 -3.333362e-03 0.000000e+00 2.384272e-01 6.057981e-01 0.000000e+00
1.945174e+00 1.924163e+00 0.000000e+00 3.434117e-03 1.576566e-03 0.000000e+00 -2.385419e-01 -6.060699e-01 0.000000e+00
1.715233e-01 5.469899e-01 0.000000e+00 1.576566e-03 -3.434117e-03 0.000000e+00 2.385419e-01 6.060699e-01 0.000000e+00
